255
251
252
254
255
255
252
252
251
255
255
253
255
255
254
255
251
255
250
255
255
252
253
255
255
255
255
255
255
255
255
255
250
255
255
252
254
254
255
255
255
247
255
255
248
255
255
255
254
251
254
255
252
255
252
253
255
255
255
255
255
255
255
255
252
255
252
255
255
254
253
249
253
255
255
251
255
250
255
255
255
252
255
252
255
254
255
254
255
255
255
255
255
255
255
255
255
252
254
255
251
253
255
255
253
255
255
255
254
249
255
253
255
248
253
255
252
252
253
253
255
255
255
255
255
255
255
255
255
254
255
251
251
255
254
252
255
247
253
182
37
1
0
36
156
255
254
251
253
255
252
255
255
255
255
255
255
255
255
255
254
255
253
252
255
254
248
255
245
255
187
15
0
0
4
2
3
0
32
160
252
254
252
255
255
255
255
255
255
255
255
255
251
255
253
255
254
250
255
251
184
34
2
0
1
0
0
1
1
1
3
11
153
252
255
251
255
255
255
255
255
255
255
255
254
255
249
255
252
255
251
184
16
1
0
0
4
104
135
1
0
0
2
0
0
35
155
255
255
255
255
255
255
255
255
255
255
254
255
253
254
255
183
17
5
0
0
1
109
254
254
253
252
133
3
0
4
1
5
158
252
255
255
252
254
255
255
255
255
255
253
254
254
255
30
2
0
1
106
255
250
255
255
255
255
255
240
94
2
1
2
5
255
255
250
255
255
253
250
251
251
254
255
253
255
251
136
1
5
102
254
253
251
255
255
252
249
253
255
249
133
0
1
3
251
253
255
255
252
255
255
255
253
255
255
251
255
255
250
253
253
253
255
253
255
253
252
255
255
254
252
255
255
0
0
2
255
255
255
253
255
254
254
255
255
249
255
251
251
255
255
255
255
255
254
247
254
253
255
254
252
255
252
255
251
0
5
1
154
252
255
252
255
255
251
254
252
255
251
255
255
254
248
254
255
252
254
255
254
251
255
254
255
254
255
251
255
10
0
0
17
250
255
253
252
255
254
255
253
255
255
249
254
255
255
254
252
251
255
251
255
254
253
255
255
250
254
255
251
138
3
0
0
255
252
255
255
252
251
255
255
253
249
255
253
253
255
253
254
255
251
254
255
255
253
254
252
255
248
254
255
251
0
1
5
250
255
253
255
254
255
255
255
255
255
255
255
255
255
255
255
255
253
255
253
254
252
255
254
255
253
252
255
181
2
1
1
250
255
252
251
255
252
255
255
255
255
255
255
255
255
255
254
254
254
250
254
255
255
254
255
250
255
255
253
23
4
0
1
255
252
254
255
255
255
254
255
255
255
255
255
255
255
255
255
255
255
255
255
254
253
251
254
254
253
251
183
0
6
1
104
252
254
255
254
255
253
255
255
255
255
255
255
255
255
255
250
255
253
255
253
255
252
255
255
249
255
182
18
3
0
2
255
255
255
248
253
255
253
253
255
255
255
255
255
255
255
255
255
255
252
252
255
255
254
255
253
255
162
15
0
0
1
105
252
249
254
254
255
248
253
254
255
255
255
255
255
255
255
255
254
250
255
255
253
250
255
250
184
33
0
1
2
0
103
255
255
255
252
253
255
255
255
254
255
255
255
255
255
255
255
255
255
254
255
251
252
255
174
34
5
1
0
5
0
105
253
255
254
251
255
255
251
255
254
255
255
255
255
255
255
255
255
255
251
255
251
187
33
0
4
2
0
0
4
85
247
255
255
253
252
255
255
252
255
253
255
252
255
255
255
255
255
255
255
255
253
181
34
0
3
1
0
2
0
0
0
0
0
0
0
0
3
28
161
253
251
255
253
255
255
255
255
255
255
255
255
255
255
33
3
1
2
1
2
0
0
0
0
0
0
0
0
0
0
5
8
252
255
253
255
254
255
255
255
255
255
255
255
255
251
135
0
0
5
0
1
5
0
0
0
0
0
0
0
0
3
1
101
254
251
255
255
253
255
255
255
255
255
255
255
255
250
255
254
255
255
254
255
251
255
255
255
255
255
255
255
255
252
255
255
255
254
254
252
255
255
255
255
255
255
255
255
255
255
248
255
255
246
255
254
255
254
254
254
254
254
254
254
254
255
254
251
250
255
252
255
254
255
255
255
255
255
255
255
255
255
253
255
253
255
254
255
252
255
255
255
255
255
255
255
255
255
255
254
255
251
255
252
253
255
255
255
255
255
255
255
255
255
255
255
255
252
251
254
255
255
255
255
255
255
255
255
255
255
254
251
252
254
254
255
254
255
255
255
255
255
255
255
255
254
255
253
255
255
255
254
255
255
255
255
255
255
255
255
255
253
252
255
255
251
255
254
254
