0.996094
0.980469
0.984375
0.992188
0.996094
0.996094
0.984375
0.984375
0.980469
0.996094
0.996094
0.988281
0.996094
0.996094
0.992188
0.996094
0.980469
0.996094
0.976562
0.996094
0.996094
0.984375
0.988281
0.996094
0.996094
0.996094
0.996094
0.996094
0.996094
0.996094
0.996094
0.996094
0.976562
0.996094
0.996094
0.984375
0.992188
0.992188
0.996094
0.996094
0.996094
0.964844
0.996094
0.996094
0.96875
0.996094
0.996094
0.996094
0.992188
0.980469
0.992188
0.996094
0.984375
0.996094
0.984375
0.988281
0.996094
0.996094
0.996094
0.996094
0.996094
0.996094
0.996094
0.996094
0.984375
0.996094
0.984375
0.996094
0.996094
0.992188
0.988281
0.972656
0.988281
0.996094
0.996094
0.980469
0.996094
0.976562
0.996094
0.996094
0.996094
0.984375
0.996094
0.984375
0.996094
0.992188
0.996094
0.992188
0.996094
0.996094
0.996094
0.996094
0.996094
0.996094
0.996094
0.996094
0.996094
0.984375
0.992188
0.996094
0.980469
0.988281
0.996094
0.996094
0.988281
0.996094
0.996094
0.996094
0.992188
0.972656
0.996094
0.988281
0.996094
0.96875
0.988281
0.996094
0.984375
0.984375
0.988281
0.988281
0.996094
0.996094
0.996094
0.996094
0.996094
0.996094
0.996094
0.996094
0.996094
0.992188
0.996094
0.980469
0.980469
0.996094
0.992188
0.984375
0.996094
0.964844
0.988281
0.710938
0.144531
0.00390625
0
0.140625
0.609375
0.996094
0.992188
0.980469
0.988281
0.996094
0.984375
0.996094
0.996094
0.996094
0.996094
0.996094
0.996094
0.996094
0.996094
0.996094
0.992188
0.996094
0.988281
0.984375
0.996094
0.992188
0.96875
0.996094
0.957031
0.996094
0.730469
0.0585938
0
0
0.015625
0.0078125
0.0117188
0
0.125
0.625
0.984375
0.992188
0.984375
0.996094
0.996094
0.996094
0.996094
0.996094
0.996094
0.996094
0.996094
0.996094
0.980469
0.996094
0.988281
0.996094
0.992188
0.976562
0.996094
0.980469
0.71875
0.132812
0.0078125
0
0.00390625
0
0
0.00390625
0.00390625
0.00390625
0.0117188
0.0429688
0.597656
0.984375
0.996094
0.980469
0.996094
0.996094
0.996094
0.996094
0.996094
0.996094
0.996094
0.996094
0.992188
0.996094
0.972656
0.996094
0.984375
0.996094
0.980469
0.71875
0.0625
0.00390625
0
0
0.015625
0.40625
0.527344
0.00390625
0
0
0.0078125
0
0
0.136719
0.605469
0.996094
0.996094
0.996094
0.996094
0.996094
0.996094
0.996094
0.996094
0.996094
0.996094
0.992188
0.996094
0.988281
0.992188
0.996094
0.714844
0.0664062
0.0195312
0
0
0.00390625
0.425781
0.992188
0.992188
0.988281
0.984375
0.519531
0.0117188
0
0.015625
0.00390625
0.0195312
0.617188
0.984375
0.996094
0.996094
0.984375
0.992188
0.996094
0.996094
0.996094
0.996094
0.996094
0.988281
0.992188
0.992188
0.996094
0.117188
0.0078125
0
0.00390625
0.414062
0.996094
0.976562
0.996094
0.996094
0.996094
0.996094
0.996094
0.9375
0.367188
0.0078125
0.00390625
0.0078125
0.0195312
0.996094
0.996094
0.976562
0.996094
0.996094
0.988281
0.976562
0.980469
0.980469
0.992188
0.996094
0.988281
0.996094
0.980469
0.53125
0.00390625
0.0195312
0.398438
0.992188
0.988281
0.980469
0.996094
0.996094
0.984375
0.972656
0.988281
0.996094
0.972656
0.519531
0
0.00390625
0.0117188
0.980469
0.988281
0.996094
0.996094
0.984375
0.996094
0.996094
0.996094
0.988281
0.996094
0.996094
0.980469
0.996094
0.996094
0.976562
0.988281
0.988281
0.988281
0.996094
0.988281
0.996094
0.988281
0.984375
0.996094
0.996094
0.992188
0.984375
0.996094
0.996094
0
0
0.0078125
0.996094
0.996094
0.996094
0.988281
0.996094
0.992188
0.992188
0.996094
0.996094
0.972656
0.996094
0.980469
0.980469
0.996094
0.996094
0.996094
0.996094
0.996094
0.992188
0.964844
0.992188
0.988281
0.996094
0.992188
0.984375
0.996094
0.984375
0.996094
0.980469
0
0.0195312
0.00390625
0.601562
0.984375
0.996094
0.984375
0.996094
0.996094
0.980469
0.992188
0.984375
0.996094
0.980469
0.996094
0.996094
0.992188
0.96875
0.992188
0.996094
0.984375
0.992188
0.996094
0.992188
0.980469
0.996094
0.992188
0.996094
0.992188
0.996094
0.980469
0.996094
0.0390625
0
0
0.0664062
0.976562
0.996094
0.988281
0.984375
0.996094
0.992188
0.996094
0.988281
0.996094
0.996094
0.972656
0.992188
0.996094
0.996094
0.992188
0.984375
0.980469
0.996094
0.980469
0.996094
0.992188
0.988281
0.996094
0.996094
0.976562
0.992188
0.996094
0.980469
0.539062
0.0117188
0
0
0.996094
0.984375
0.996094
0.996094
0.984375
0.980469
0.996094
0.996094
0.988281
0.972656
0.996094
0.988281
0.988281
0.996094
0.988281
0.992188
0.996094
0.980469
0.992188
0.996094
0.996094
0.988281
0.992188
0.984375
0.996094
0.96875
0.992188
0.996094
0.980469
0
0.00390625
0.0195312
0.976562
0.996094
0.988281
0.996094
0.992188
0.996094
0.996094
0.996094
0.996094
0.996094
0.996094
0.996094
0.996094
0.996094
0.996094
0.996094
0.996094
0.988281
0.996094
0.988281
0.992188
0.984375
0.996094
0.992188
0.996094
0.988281
0.984375
0.996094
0.707031
0.0078125
0.00390625
0.00390625
0.976562
0.996094
0.984375
0.980469
0.996094
0.984375
0.996094
0.996094
0.996094
0.996094
0.996094
0.996094
0.996094
0.996094
0.996094
0.992188
0.992188
0.992188
0.976562
0.992188
0.996094
0.996094
0.992188
0.996094
0.976562
0.996094
0.996094
0.988281
0.0898438
0.015625
0
0.00390625
0.996094
0.984375
0.992188
0.996094
0.996094
0.996094
0.992188
0.996094
0.996094
0.996094
0.996094
0.996094
0.996094
0.996094
0.996094
0.996094
0.996094
0.996094
0.996094
0.996094
0.992188
0.988281
0.980469
0.992188
0.992188
0.988281
0.980469
0.714844
0
0.0234375
0.00390625
0.40625
0.984375
0.992188
0.996094
0.992188
0.996094
0.988281
0.996094
0.996094
0.996094
0.996094
0.996094
0.996094
0.996094
0.996094
0.996094
0.976562
0.996094
0.988281
0.996094
0.988281
0.996094
0.984375
0.996094
0.996094
0.972656
0.996094
0.710938
0.0703125
0.0117188
0
0.0078125
0.996094
0.996094
0.996094
0.96875
0.988281
0.996094
0.988281
0.988281
0.996094
0.996094
0.996094
0.996094
0.996094
0.996094
0.996094
0.996094
0.996094
0.996094
0.984375
0.984375
0.996094
0.996094
0.992188
0.996094
0.988281
0.996094
0.632812
0.0585938
0
0
0.00390625
0.410156
0.984375
0.972656
0.992188
0.992188
0.996094
0.96875
0.988281
0.992188
0.996094
0.996094
0.996094
0.996094
0.996094
0.996094
0.996094
0.996094
0.992188
0.976562
0.996094
0.996094
0.988281
0.976562
0.996094
0.976562
0.71875
0.128906
0
0.00390625
0.0078125
0
0.402344
0.996094
0.996094
0.996094
0.984375
0.988281
0.996094
0.996094
0.996094
0.992188
0.996094
0.996094
0.996094
0.996094
0.996094
0.996094
0.996094
0.996094
0.996094
0.992188
0.996094
0.980469
0.984375
0.996094
0.679688
0.132812
0.0195312
0.00390625
0
0.0195312
0
0.410156
0.988281
0.996094
0.992188
0.980469
0.996094
0.996094
0.980469
0.996094
0.992188
0.996094
0.996094
0.996094
0.996094
0.996094
0.996094
0.996094
0.996094
0.996094
0.980469
0.996094
0.980469
0.730469
0.128906
0
0.015625
0.0078125
0
0
0.015625
0.332031
0.964844
0.996094
0.996094
0.988281
0.984375
0.996094
0.996094
0.984375
0.996094
0.988281
0.996094
0.984375
0.996094
0.996094
0.996094
0.996094
0.996094
0.996094
0.996094
0.996094
0.988281
0.707031
0.132812
0
0.0117188
0.00390625
0
0.0078125
0
0
0
0
0
0
0
0
0.0117188
0.109375
0.628906
0.988281
0.980469
0.996094
0.988281
0.996094
0.996094
0.996094
0.996094
0.996094
0.996094
0.996094
0.996094
0.996094
0.996094
0.128906
0.0117188
0.00390625
0.0078125
0.00390625
0.0078125
0
0
0
0
0
0
0
0
0
0
0.0195312
0.03125
0.984375
0.996094
0.988281
0.996094
0.992188
0.996094
0.996094
0.996094
0.996094
0.996094
0.996094
0.996094
0.996094
0.980469
0.527344
0
0
0.0195312
0
0.00390625
0.0195312
0
0
0
0
0
0
0
0
0.0117188
0.00390625
0.394531
0.992188
0.980469
0.996094
0.996094
0.988281
0.996094
0.996094
0.996094
0.996094
0.996094
0.996094
0.996094
0.996094
0.976562
0.996094
0.992188
0.996094
0.996094
0.992188
0.996094
0.980469
0.996094
0.996094
0.996094
0.996094
0.996094
0.996094
0.996094
0.996094
0.984375
0.996094
0.996094
0.996094
0.992188
0.992188
0.984375
0.996094
0.996094
0.996094
0.996094
0.996094
0.996094
0.996094
0.996094
0.996094
0.996094
0.96875
0.996094
0.996094
0.960938
0.996094
0.992188
0.996094
0.992188
0.992188
0.992188
0.992188
0.992188
0.992188
0.992188
0.992188
0.996094
0.992188
0.980469
0.976562
0.996094
0.984375
0.996094
0.992188
0.996094
0.996094
0.996094
0.996094
0.996094
0.996094
0.996094
0.996094
0.996094
0.988281
0.996094
0.988281
0.996094
0.992188
0.996094
0.984375
0.996094
0.996094
0.996094
0.996094
0.996094
0.996094
0.996094
0.996094
0.996094
0.996094
0.992188
0.996094
0.980469
0.996094
0.984375
0.988281
0.996094
0.996094
0.996094
0.996094
0.996094
0.996094
0.996094
0.996094
0.996094
0.996094
0.996094
0.996094
0.984375
0.980469
0.992188
0.996094
0.996094
0.996094
0.996094
0.996094
0.996094
0.996094
0.996094
0.996094
0.996094
0.992188
0.980469
0.984375
0.992188
0.992188
0.996094
0.992188
0.996094
0.996094
0.996094
0.996094
0.996094
0.996094
0.996094
0.996094
0.992188
0.996094
0.988281
0.996094
0.996094
0.996094
0.992188
0.996094
0.996094
0.996094
0.996094
0.996094
0.996094
0.996094
0.996094
0.996094
0.988281
0.984375
0.996094
0.996094
0.980469
0.996094
0.992188
0.992188
