255
252
253
255
255
255
254
253
253
255
255
254
255
255
254
255
253
255
252
255
255
253
254
255
255
255
255
255
255
255
255
255
252
255
255
253
254
254
255
255
255
249
255
255
249
255
255
255
255
252
255
255
253
255
253
254
255
255
255
255
255
255
255
255
253
255
253
255
255
254
254
251
253
255
255
252
255
252
255
255
255
253
255
253
255
255
255
255
255
255
255
255
255
255
255
255
255
252
255
255
253
254
255
255
253
255
255
255
255
250
255
254
255
250
255
255
254
253
254
253
255
255
255
255
255
255
255
255
255
254
255
253
253
255
254
253
255
249
253
182
36
0
0
34
157
255
255
252
254
255
253
255
255
255
255
255
255
255
255
255
254
255
254
252
255
255
249
255
248
255
187
15
0
0
3
0
2
0
32
159
253
255
253
255
255
255
255
255
255
255
255
255
252
255
254
255
254
251
255
253
185
33
1
0
1
1
0
1
0
0
2
10
152
253
255
253
255
255
255
255
255
255
255
255
254
255
250
255
253
255
252
185
16
1
0
0
3
103
134
0
0
0
2
0
0
35
156
255
255
255
255
255
255
255
255
255
255
254
255
253
254
255
183
16
4
0
0
1
108
253
254
254
254
134
3
0
3
0
5
159
253
255
255
252
255
255
255
255
255
255
253
254
255
255
30
1
0
0
106
255
250
255
255
255
255
255
241
95
3
1
2
6
255
255
250
255
255
254
253
253
252
255
255
253
255
252
136
1
4
102
254
254
251
255
255
253
250
254
255
251
134
0
0
2
252
254
255
255
253
255
255
255
254
255
255
252
255
255
251
253
252
253
255
254
255
254
253
255
255
254
253
255
255
0
0
0
255
255
255
253
255
253
255
255
255
250
255
253
252
255
255
255
255
255
255
249
255
254
255
254
253
255
253
255
252
0
4
0
154
254
255
253
255
255
253
253
253
255
252
255
255
255
249
255
255
253
255
255
255
252
255
254
255
255
255
252
255
9
0
0
15
251
255
254
253
255
255
255
254
255
255
251
255
255
255
255
254
252
255
251
255
255
254
255
255
251
255
255
251
137
2
0
0
255
252
255
255
253
253
255
255
254
250
255
253
253
255
253
255
255
252
255
255
255
254
254
253
255
250
255
255
252
0
2
3
252
255
254
255
254
255
254
255
255
255
255
255
255
255
255
255
255
254
255
255
255
252
255
254
255
254
253
255
181
1
1
2
252
255
254
252
255
253
255
255
255
255
255
255
255
255
255
254
254
254
252
255
255
255
254
255
251
255
255
254
23
3
0
0
255
253
255
255
255
255
254
255
255
255
255
255
255
255
255
255
255
255
255
255
254
253
253
255
255
254
252
183
0
5
0
103
252
255
255
254
255
254
255
255
255
255
255
255
255
255
255
251
255
254
255
254
255
253
255
255
250
255
183
18
2
0
1
255
255
255
249
254
255
254
254
255
255
255
255
255
255
255
255
255
255
253
252
255
255
254
254
254
255
163
15
0
0
1
105
253
250
255
255
255
250
254
255
255
255
255
255
255
255
255
255
255
251
255
255
254
252
255
252
183
32
0
0
1
0
103
255
255
255
253
254
255
255
255
254
255
255
255
255
255
255
255
255
255
255
255
252
253
255
177
36
4
0
0
4
0
105
253
255
255
252
255
255
251
255
255
255
255
255
255
255
255
255
255
255
253
255
252
187
32
0
3
0
0
0
4
85
247
255
255
255
253
255
255
253
255
255
255
252
255
255
255
255
255
255
255
255
254
181
34
0
3
1
0
1
0
0
0
0
0
0
0
0
2
28
163
254
252
255
253
255
255
255
255
255
255
255
255
255
255
33
2
0
1
0
1
0
0
0
0
0
0
0
0
0
0
4
8
253
255
254
255
255
255
255
255
255
255
255
255
255
252
135
0
0
4
0
0
4
0
0
0
0
0
0
0
0
1
0
101
255
252
255
255
254
255
255
255
255
255
255
255
255
252
255
254
255
255
254
255
251
255
255
255
255
255
255
255
255
252
255
255
255
255
254
252
255
255
255
255
255
255
255
255
255
255
249
255
255
247
255
255
255
254
254
254
254
254
254
254
254
255
255
253
251
255
253
255
255
255
255
255
255
255
255
255
255
255
254
255
253
255
255
255
253
255
255
255
255
255
255
255
255
255
255
255
255
252
255
253
254
255
255
255
255
255
255
255
255
255
255
255
255
253
252
255
255
255
255
255
255
255
255
255
255
255
255
252
252
255
255
255
255
255
255
255
255
255
255
255
255
254
255
253
255
255
255
255
255
255
255
255
255
255
255
255
255
255
253
255
255
252
255
255
254
